{
    "intent-acc.": 0.99,
    "slots-span_f1": 0.9559357179885951,
    "sum": 1.9459357179885952
}