{
    "intent-acc.": 0.694,
    "slots-span_f1": 0.6684322033898304,
    "sum": 1.3624322033898304
}