recall:    0.6518595041322314
precision: 0.6858695652173913
slot-f1:   0.6684322033898304
intents:   0.694
fullCor:   0.336

unlabeled
ul_recall:    0.7830578512396694
ul_precision: 0.8239130434782609
ul_slot-f1:   0.8029661016949152

loose (partial overlap with same label)
l_recall:    0.7324380165289256
l_precision: 0.7782608695652173
l_slot-f1:   0.7546544885860225
