recall:    0.02074688796680498
precision: 0.01658374792703151
slot-f1:   0.018433179723502304
intents:   0.088
fullCor:   0.002

unlabeled
ul_recall:    0.2717842323651452
ul_precision: 0.21724709784411278
ul_slot-f1:   0.24147465437788018

loose (partial overlap with same label)
l_recall:    0.13278008298755187
l_precision: 0.0978441127694859
l_slot-f1:   0.11266597046098761
