recall:    0.02959830866807611
precision: 0.02321724709784411
slot-f1:   0.026022304832713755
intents:   0.088
fullCor:   0.006

unlabeled
ul_recall:    0.24735729386892177
ul_precision: 0.19402985074626866
ul_slot-f1:   0.21747211895910779

loose (partial overlap with same label)
l_recall:    0.1226215644820296
l_precision: 0.0978441127694859
l_slot-f1:   0.10884050826163706
