recall:    0.02074688796680498
precision: 0.01658374792703151
slot-f1:   0.018433179723502304
intents:   0.088
fullCor:   0.002

unlabeled
ul_recall:    0.2676348547717842
ul_precision: 0.21393034825870647
ul_slot-f1:   0.23778801843317973

loose (partial overlap with same label)
l_recall:    0.13278008298755187
l_precision: 0.0978441127694859
l_slot-f1:   0.11266597046098761
