recall:    0.02959830866807611
precision: 0.02329450915141431
slot-f1:   0.026070763500931102
intents:   0.088
fullCor:   0.006

unlabeled
ul_recall:    0.25158562367864695
ul_precision: 0.19800332778702162
ul_slot-f1:   0.22160148975791435

loose (partial overlap with same label)
l_recall:    0.1226215644820296
l_precision: 0.09816971713810316
l_slot-f1:   0.10904166334740699
