recall:    0.02959830866807611
precision: 0.023140495867768594
slot-f1:   0.025974025974025972
intents:   0.088
fullCor:   0.006

unlabeled
ul_recall:    0.24947145877378435
ul_precision: 0.19504132231404958
ul_slot-f1:   0.21892393320964748

loose (partial overlap with same label)
l_recall:    0.12473572938689217
l_precision: 0.09917355371900827
l_slot-f1:   0.11049551307062037
