recall:    0.020895522388059702
precision: 0.020172910662824207
slot-f1:   0.02052785923753666
intents:   0.04477611940298507
fullCor:   0.0

unlabeled
ul_recall:    0.20597014925373133
ul_precision: 0.1988472622478386
ul_slot-f1:   0.2023460410557185

loose (partial overlap with same label)
l_recall:    0.07761194029850746
l_precision: 0.07780979827089338
l_slot-f1:   0.07771074334421875
