recall:    0.020895522388059702
precision: 0.020289855072463767
slot-f1:   0.020588235294117647
intents:   0.04477611940298507
fullCor:   0.0

unlabeled
ul_recall:    0.20298507462686566
ul_precision: 0.19710144927536233
ul_slot-f1:   0.19999999999999998

loose (partial overlap with same label)
l_recall:    0.07761194029850746
l_precision: 0.0782608695652174
l_slot-f1:   0.07793505412156536
