recall:    0.38879736408566723
precision: 0.39267886855241263
slot-f1:   0.39072847682119205
intents:   0.9966666666666667
fullCor:   0.27

unlabeled
ul_recall:    0.5782537067545305
ul_precision: 0.5840266222961731
ul_slot-f1:   0.5811258278145696

loose (partial overlap with same label)
l_recall:    0.7808896210873146
l_precision: 0.7886855241264559
l_slot-f1:   0.7847682119205298
