recall:    0.9668874172185431
precision: 0.9717138103161398
slot-f1:   0.9692946058091286
intents:   1.0
fullCor:   0.9233333333333333

unlabeled
ul_recall:    0.9784768211920529
ul_precision: 0.9833610648918469
ul_slot-f1:   0.9809128630705394

loose (partial overlap with same label)
l_recall:    0.9867549668874173
l_precision: 0.9916805324459235
l_slot-f1:   0.9892116182572614
