recall:    0.9768211920529801
precision: 0.978441127694859
slot-f1:   0.9776304888152444
intents:   1.0
fullCor:   0.9466666666666667

unlabeled
ul_recall:    0.9834437086092715
ul_precision: 0.9850746268656716
ul_slot-f1:   0.9842584921292461

loose (partial overlap with same label)
l_recall:    0.9917218543046358
l_precision: 0.9917081260364843
l_slot-f1:   0.9917149901230501
