recall:    0.02959830866807611
precision: 0.02329450915141431
slot-f1:   0.026070763500931102
intents:   0.088
fullCor:   0.006

unlabeled
ul_recall:    0.24735729386892177
ul_precision: 0.194675540765391
ul_slot-f1:   0.21787709497206706

loose (partial overlap with same label)
l_recall:    0.12473572938689217
l_precision: 0.09983361064891846
l_slot-f1:   0.11090399285703097
