recall:    0.020895522388059702
precision: 0.02040816326530612
slot-f1:   0.020648967551622415
intents:   0.04477611940298507
fullCor:   0.0

unlabeled
ul_recall:    0.20597014925373133
ul_precision: 0.20116618075801748
ul_slot-f1:   0.20353982300884954

loose (partial overlap with same label)
l_recall:    0.07761194029850746
l_precision: 0.07871720116618076
l_slot-f1:   0.07816066358626064
