recall:    0.02074688796680498
precision: 0.016638935108153077
slot-f1:   0.018467220683287166
intents:   0.088
fullCor:   0.002

unlabeled
ul_recall:    0.2697095435684647
ul_precision: 0.21630615640599002
ul_slot-f1:   0.24007386888273316

loose (partial overlap with same label)
l_recall:    0.13485477178423236
l_precision: 0.09983361064891846
l_slot-f1:   0.11473119070383173
