recall:    0.02959830866807611
precision: 0.02321724709784411
slot-f1:   0.026022304832713755
intents:   0.088
fullCor:   0.006

unlabeled
ul_recall:    0.24947145877378435
ul_precision: 0.1956882255389718
ul_slot-f1:   0.21933085501858735

loose (partial overlap with same label)
l_recall:    0.1226215644820296
l_precision: 0.0978441127694859
l_slot-f1:   0.10884050826163706
