recall:    0.02959830866807611
precision: 0.023178807947019868
slot-f1:   0.025998142989786446
intents:   0.088
fullCor:   0.006

unlabeled
ul_recall:    0.24947145877378435
ul_precision: 0.19536423841059603
ul_slot-f1:   0.21912720519962858

loose (partial overlap with same label)
l_recall:    0.1226215644820296
l_precision: 0.09768211920529801
l_slot-f1:   0.1087402087735744
