recall:    0.3904448105436573
precision: 0.39368770764119604
slot-f1:   0.39205955334987597
intents:   1.0
fullCor:   0.27

unlabeled
ul_recall:    0.5782537067545305
ul_precision: 0.5830564784053156
ul_slot-f1:   0.5806451612903226

loose (partial overlap with same label)
l_recall:    0.7841845140032949
l_precision: 0.7906976744186046
l_slot-f1:   0.7874276261373035
