recall:    0.02959830866807611
precision: 0.023255813953488372
slot-f1:   0.026046511627906974
intents:   0.088
fullCor:   0.006

unlabeled
ul_recall:    0.25158562367864695
ul_precision: 0.19767441860465115
ul_slot-f1:   0.22139534883720932

loose (partial overlap with same label)
l_recall:    0.1226215644820296
l_precision: 0.09800664451827243
l_slot-f1:   0.10894099294844245
