{
    "intent-acc.": 0.3185840707964602,
    "slots-span_f1": 0.19638242894056845,
    "sum": 0.5149664997370287
}