recall:    0.3953871499176277
precision: 0.39800995024875624
slot-f1:   0.396694214876033
intents:   1.0
fullCor:   0.27666666666666667

unlabeled
ul_recall:    0.5831960461285008
ul_precision: 0.5870646766169154
ul_slot-f1:   0.5851239669421487

loose (partial overlap with same label)
l_recall:    0.785831960461285
l_precision: 0.7943615257048093
l_slot-f1:   0.7900737226479293
