recall:    0.02959830866807611
precision: 0.02329450915141431
slot-f1:   0.026070763500931102
intents:   0.088
fullCor:   0.006

unlabeled
ul_recall:    0.2452431289640592
ul_precision: 0.1930116472545757
ul_slot-f1:   0.21601489757914338

loose (partial overlap with same label)
l_recall:    0.12050739957716702
l_precision: 0.09650582362728785
l_slot-f1:   0.10717932923765218
