recall:    0.02074688796680498
precision: 0.016556291390728478
slot-f1:   0.01841620626151013
intents:   0.088
fullCor:   0.002

unlabeled
ul_recall:    0.2717842323651452
ul_precision: 0.21688741721854304
ul_slot-f1:   0.24125230202578268

loose (partial overlap with same label)
l_recall:    0.13278008298755187
l_precision: 0.09768211920529801
l_slot-f1:   0.11255850001490446
