recall:    0.02959830866807611
precision: 0.0231023102310231
slot-f1:   0.025949953660797033
intents:   0.088
fullCor:   0.006

unlabeled
ul_recall:    0.2536997885835095
ul_precision: 0.19801980198019803
ul_slot-f1:   0.22242817423540315

loose (partial overlap with same label)
l_recall:    0.1226215644820296
l_precision: 0.09735973597359736
l_slot-f1:   0.1085401633494568
