recall:    0.02074688796680498
precision: 0.0165016501650165
slot-f1:   0.018382352941176468
intents:   0.088
fullCor:   0.002

unlabeled
ul_recall:    0.2697095435684647
ul_precision: 0.2145214521452145
ul_slot-f1:   0.2389705882352941

loose (partial overlap with same label)
l_recall:    0.13278008298755187
l_precision: 0.09735973597359736
l_slot-f1:   0.11234417303858857
