recall:    0.02959830866807611
precision: 0.023140495867768594
slot-f1:   0.025974025974025972
intents:   0.088
fullCor:   0.006

unlabeled
ul_recall:    0.25158562367864695
ul_precision: 0.19669421487603306
ul_slot-f1:   0.2207792207792208

loose (partial overlap with same label)
l_recall:    0.1226215644820296
l_precision: 0.09752066115702479
l_slot-f1:   0.10864009397272885
