recall:    0.020895522388059702
precision: 0.020114942528735632
slot-f1:   0.020497803806734993
intents:   0.04477611940298507
fullCor:   0.0

unlabeled
ul_recall:    0.20597014925373133
ul_precision: 0.19827586206896552
ul_slot-f1:   0.20204978038067348

loose (partial overlap with same label)
l_recall:    0.07761194029850746
l_precision: 0.07758620689655173
l_slot-f1:   0.07759907146410214
