recall:    0.02959830866807611
precision: 0.02321724709784411
slot-f1:   0.026022304832713755
intents:   0.088
fullCor:   0.006

unlabeled
ul_recall:    0.25158562367864695
ul_precision: 0.19734660033167495
ul_slot-f1:   0.2211895910780669

loose (partial overlap with same label)
l_recall:    0.12050739957716702
l_precision: 0.09618573797678276
l_slot-f1:   0.10698163578998464
