recall:    0.9784768211920529
precision: 0.9768595041322314
slot-f1:   0.977667493796526
intents:   1.0
fullCor:   0.95

unlabeled
ul_recall:    0.9867549668874173
ul_precision: 0.9851239669421488
ul_slot-f1:   0.9859387923904054

loose (partial overlap with same label)
l_recall:    0.9900662251655629
l_precision: 0.9884297520661157
l_slot-f1:   0.989247311827957
