recall:    0.01951219512195122
precision: 0.02666666666666667
slot-f1:   0.022535211267605635
intents:   0.0625
fullCor:   0.0

unlabeled
ul_recall:    0.15609756097560976
ul_precision: 0.21333333333333335
ul_slot-f1:   0.18028169014084508

loose (partial overlap with same label)
l_recall:    0.08780487804878048
l_precision: 0.10666666666666667
l_slot-f1:   0.09632107023411371
