recall:    0.9768211920529801
precision: 0.9752066115702479
slot-f1:   0.9760132340777502
intents:   1.0
fullCor:   0.9466666666666667

unlabeled
ul_recall:    0.9850993377483444
ul_precision: 0.9834710743801653
ul_slot-f1:   0.9842845326716295

loose (partial overlap with same label)
l_recall:    0.9900662251655629
l_precision: 0.9884297520661157
l_slot-f1:   0.989247311827957
