recall:    0.02074688796680498
precision: 0.01658374792703151
slot-f1:   0.018433179723502304
intents:   0.088
fullCor:   0.002

unlabeled
ul_recall:    0.2697095435684647
ul_precision: 0.2155887230514096
ul_slot-f1:   0.23963133640552994

loose (partial overlap with same label)
l_recall:    0.13278008298755187
l_precision: 0.0978441127694859
l_slot-f1:   0.11266597046098761
