recall:    0.3904448105436573
precision: 0.39368770764119604
slot-f1:   0.39205955334987597
intents:   1.0
fullCor:   0.27

unlabeled
ul_recall:    0.5815485996705108
ul_precision: 0.5863787375415282
ul_slot-f1:   0.5839536807278743

loose (partial overlap with same label)
l_recall:    0.7841845140032949
l_precision: 0.7906976744186046
l_slot-f1:   0.7874276261373035
